{
 "cells": [
  {
   "cell_type": "code",
   "execution_count": 1,
   "id": "romantic-working",
   "metadata": {
    "ExecuteTime": {
     "end_time": "2021-05-08T23:12:55.698288Z",
     "start_time": "2021-05-08T23:12:55.283838Z"
    }
   },
   "outputs": [],
   "source": [
    "import pandas as pd\n",
    "import numpy as np\n",
    "from functools import reduce\n",
    "\n",
    "import boxball_loader as bbl\n",
    "import utils"
   ]
  },
  {
   "cell_type": "code",
   "execution_count": 2,
   "id": "restricted-lodging",
   "metadata": {
    "ExecuteTime": {
     "end_time": "2021-05-08T23:12:55.847906Z",
     "start_time": "2021-05-08T23:12:55.699557Z"
    }
   },
   "outputs": [
    {
     "data": {
      "text/html": [
       "<div>\n",
       "<style scoped>\n",
       "    .dataframe tbody tr th:only-of-type {\n",
       "        vertical-align: middle;\n",
       "    }\n",
       "\n",
       "    .dataframe tbody tr th {\n",
       "        vertical-align: top;\n",
       "    }\n",
       "\n",
       "    .dataframe thead th {\n",
       "        text-align: right;\n",
       "    }\n",
       "</style>\n",
       "<table border=\"1\" class=\"dataframe\">\n",
       "  <thead>\n",
       "    <tr style=\"text-align: right;\">\n",
       "      <th></th>\n",
       "      <th>ab</th>\n",
       "      <th>h</th>\n",
       "      <th>hr</th>\n",
       "      <th>ba</th>\n",
       "    </tr>\n",
       "    <tr>\n",
       "      <th>player_id</th>\n",
       "      <th></th>\n",
       "      <th></th>\n",
       "      <th></th>\n",
       "      <th></th>\n",
       "    </tr>\n",
       "  </thead>\n",
       "  <tbody>\n",
       "    <tr>\n",
       "      <th>aardsda01</th>\n",
       "      <td>4</td>\n",
       "      <td>0</td>\n",
       "      <td>0</td>\n",
       "      <td>0.000000</td>\n",
       "    </tr>\n",
       "    <tr>\n",
       "      <th>aaronha01</th>\n",
       "      <td>12364</td>\n",
       "      <td>3771</td>\n",
       "      <td>755</td>\n",
       "      <td>0.304998</td>\n",
       "    </tr>\n",
       "    <tr>\n",
       "      <th>aaronto01</th>\n",
       "      <td>944</td>\n",
       "      <td>216</td>\n",
       "      <td>13</td>\n",
       "      <td>0.228814</td>\n",
       "    </tr>\n",
       "    <tr>\n",
       "      <th>aasedo01</th>\n",
       "      <td>5</td>\n",
       "      <td>0</td>\n",
       "      <td>0</td>\n",
       "      <td>0.000000</td>\n",
       "    </tr>\n",
       "    <tr>\n",
       "      <th>abadan01</th>\n",
       "      <td>21</td>\n",
       "      <td>2</td>\n",
       "      <td>0</td>\n",
       "      <td>0.095238</td>\n",
       "    </tr>\n",
       "    <tr>\n",
       "      <th>...</th>\n",
       "      <td>...</td>\n",
       "      <td>...</td>\n",
       "      <td>...</td>\n",
       "      <td>...</td>\n",
       "    </tr>\n",
       "    <tr>\n",
       "      <th>zupofr01</th>\n",
       "      <td>18</td>\n",
       "      <td>3</td>\n",
       "      <td>0</td>\n",
       "      <td>0.166667</td>\n",
       "    </tr>\n",
       "    <tr>\n",
       "      <th>zuvelpa01</th>\n",
       "      <td>491</td>\n",
       "      <td>109</td>\n",
       "      <td>2</td>\n",
       "      <td>0.221996</td>\n",
       "    </tr>\n",
       "    <tr>\n",
       "      <th>zuverge01</th>\n",
       "      <td>142</td>\n",
       "      <td>21</td>\n",
       "      <td>0</td>\n",
       "      <td>0.147887</td>\n",
       "    </tr>\n",
       "    <tr>\n",
       "      <th>zwilldu01</th>\n",
       "      <td>1280</td>\n",
       "      <td>364</td>\n",
       "      <td>30</td>\n",
       "      <td>0.284375</td>\n",
       "    </tr>\n",
       "    <tr>\n",
       "      <th>zychto01</th>\n",
       "      <td>0</td>\n",
       "      <td>0</td>\n",
       "      <td>0</td>\n",
       "      <td>0.000000</td>\n",
       "    </tr>\n",
       "  </tbody>\n",
       "</table>\n",
       "<p>19898 rows × 4 columns</p>\n",
       "</div>"
      ],
      "text/plain": [
       "              ab     h   hr        ba\n",
       "player_id                            \n",
       "aardsda01      4     0    0  0.000000\n",
       "aaronha01  12364  3771  755  0.304998\n",
       "aaronto01    944   216   13  0.228814\n",
       "aasedo01       5     0    0  0.000000\n",
       "abadan01      21     2    0  0.095238\n",
       "...          ...   ...  ...       ...\n",
       "zupofr01      18     3    0  0.166667\n",
       "zuvelpa01    491   109    2  0.221996\n",
       "zuverge01    142    21    0  0.147887\n",
       "zwilldu01   1280   364   30  0.284375\n",
       "zychto01       0     0    0  0.000000\n",
       "\n",
       "[19898 rows x 4 columns]"
      ]
     },
     "execution_count": 2,
     "metadata": {},
     "output_type": "execute_result"
    }
   ],
   "source": [
    "bat = pd.read_parquet('../data/baseballdatabank/batting.parquet')\n",
    "\n",
    "careers = bat.groupby('player_id')[['ab', 'h', 'hr']].sum()\n",
    "careers['ba'] = (careers['h']/careers['ab']).fillna(0)\n",
    "\n",
    "careers"
   ]
  },
  {
   "cell_type": "code",
   "execution_count": 3,
   "id": "wired-denver",
   "metadata": {
    "ExecuteTime": {
     "end_time": "2021-05-08T23:12:55.853125Z",
     "start_time": "2021-05-08T23:12:55.849957Z"
    }
   },
   "outputs": [],
   "source": [
    "# Find players who match this player's career totals in all of the categories\n",
    "def find_matches(row, df):\n",
    "    cats = ['h', 'hr', 'ba']\n",
    "    cat_matches = [df[cat]>=row[cat] for cat in cats]\n",
    "    matches_all = reduce((lambda x, y: x & y), cat_matches)\n",
    "    \n",
    "    return df[matches_all]\n",
    "    "
   ]
  },
  {
   "cell_type": "code",
   "execution_count": 4,
   "id": "therapeutic-referral",
   "metadata": {
    "ExecuteTime": {
     "end_time": "2021-05-08T23:12:55.862970Z",
     "start_time": "2021-05-08T23:12:55.855420Z"
    }
   },
   "outputs": [
    {
     "data": {
      "text/html": [
       "<div>\n",
       "<style scoped>\n",
       "    .dataframe tbody tr th:only-of-type {\n",
       "        vertical-align: middle;\n",
       "    }\n",
       "\n",
       "    .dataframe tbody tr th {\n",
       "        vertical-align: top;\n",
       "    }\n",
       "\n",
       "    .dataframe thead th {\n",
       "        text-align: right;\n",
       "    }\n",
       "</style>\n",
       "<table border=\"1\" class=\"dataframe\">\n",
       "  <thead>\n",
       "    <tr style=\"text-align: right;\">\n",
       "      <th></th>\n",
       "      <th>ab</th>\n",
       "      <th>h</th>\n",
       "      <th>hr</th>\n",
       "      <th>ba</th>\n",
       "    </tr>\n",
       "    <tr>\n",
       "      <th>player_id</th>\n",
       "      <th></th>\n",
       "      <th></th>\n",
       "      <th></th>\n",
       "      <th></th>\n",
       "    </tr>\n",
       "  </thead>\n",
       "  <tbody>\n",
       "    <tr>\n",
       "      <th>oconnfr01</th>\n",
       "      <td>2</td>\n",
       "      <td>2</td>\n",
       "      <td>1</td>\n",
       "      <td>1.0</td>\n",
       "    </tr>\n",
       "    <tr>\n",
       "      <th>yanes01</th>\n",
       "      <td>2</td>\n",
       "      <td>2</td>\n",
       "      <td>1</td>\n",
       "      <td>1.0</td>\n",
       "    </tr>\n",
       "  </tbody>\n",
       "</table>\n",
       "</div>"
      ],
      "text/plain": [
       "           ab  h  hr   ba\n",
       "player_id                \n",
       "oconnfr01   2  2   1  1.0\n",
       "yanes01     2  2   1  1.0"
      ]
     },
     "execution_count": 4,
     "metadata": {},
     "output_type": "execute_result"
    }
   ],
   "source": [
    "find_matches({'ba': 1, 'h': 2, 'hr': 1}, careers)"
   ]
  },
  {
   "cell_type": "code",
   "execution_count": 5,
   "id": "written-suicide",
   "metadata": {
    "ExecuteTime": {
     "end_time": "2021-05-08T23:12:55.866149Z",
     "start_time": "2021-05-08T23:12:55.863966Z"
    }
   },
   "outputs": [],
   "source": [
    "def get_unmatchables_brute_force(careers):\n",
    "\n",
    "    careers_matching = careers.apply(lambda row: len(find_matches(row, careers)), axis=1)\n",
    "    unmatchables = careers[careers_matching==1]\n",
    "    return unmatchables.sort_values(by='h')"
   ]
  },
  {
   "cell_type": "code",
   "execution_count": 6,
   "id": "every-beads",
   "metadata": {
    "ExecuteTime": {
     "end_time": "2021-05-08T23:13:14.075756Z",
     "start_time": "2021-05-08T23:12:55.868807Z"
    }
   },
   "outputs": [
    {
     "data": {
      "text/plain": [
       "(              ab     h   hr        ba\n",
       " player_id                            \n",
       " paciojo01      3     3    0  1.000000\n",
       " jansera01      5     4    0  0.800000\n",
       " brittza01      8     5    1  0.625000\n",
       " silvelu01     11     6    0  0.545455\n",
       " durhado01     14     7    2  0.500000\n",
       " dappecl01     17     8    1  0.470588\n",
       " martido02     22     9    2  0.409091\n",
       " heathsl01     25    10    2  0.400000\n",
       " pattepa01     35    14    1  0.400000\n",
       " willigl01     40    17    0  0.425000\n",
       " rhombke01     47    18    1  0.382979\n",
       " goodahe01     45    19    0  0.422222\n",
       " forstte01     78    31    0  0.397436\n",
       " hayeske01     85    32    5  0.376471\n",
       " willite01   7706  2654  521  0.344407\n",
       " ruthba01    8398  2873  714  0.342105\n",
       " simmoal01   8759  2927  307  0.334171\n",
       " hornsro01   8173  2930  301  0.358497\n",
       " bondsba01   9847  2935  762  0.298060\n",
       " gwynnto01   9288  3141  135  0.338178\n",
       " musiast01  10972  3630  475  0.330842\n",
       " aaronha01  12364  3771  755  0.304998\n",
       " cobbty01   11436  4189  117  0.366299\n",
       " rosepe01   14053  4256  160  0.302853,\n",
       " 24)"
      ]
     },
     "execution_count": 6,
     "metadata": {},
     "output_type": "execute_result"
    }
   ],
   "source": [
    "unmatchables = get_unmatchables_brute_force(careers)\n",
    "unmatchables, len(unmatchables)"
   ]
  },
  {
   "cell_type": "code",
   "execution_count": 7,
   "id": "about-anthony",
   "metadata": {
    "ExecuteTime": {
     "end_time": "2021-05-08T23:13:14.133383Z",
     "start_time": "2021-05-08T23:13:14.076829Z"
    }
   },
   "outputs": [
    {
     "data": {
      "text/html": [
       "<div>\n",
       "<style scoped>\n",
       "    .dataframe tbody tr th:only-of-type {\n",
       "        vertical-align: middle;\n",
       "    }\n",
       "\n",
       "    .dataframe tbody tr th {\n",
       "        vertical-align: top;\n",
       "    }\n",
       "\n",
       "    .dataframe thead th {\n",
       "        text-align: right;\n",
       "    }\n",
       "</style>\n",
       "<table border=\"1\" class=\"dataframe\">\n",
       "  <thead>\n",
       "    <tr style=\"text-align: right;\">\n",
       "      <th></th>\n",
       "      <th>ab</th>\n",
       "      <th>h</th>\n",
       "      <th>hr</th>\n",
       "      <th>ba</th>\n",
       "      <th>name</th>\n",
       "    </tr>\n",
       "    <tr>\n",
       "      <th>player_id</th>\n",
       "      <th></th>\n",
       "      <th></th>\n",
       "      <th></th>\n",
       "      <th></th>\n",
       "      <th></th>\n",
       "    </tr>\n",
       "  </thead>\n",
       "  <tbody>\n",
       "    <tr>\n",
       "      <th>paciojo01</th>\n",
       "      <td>3</td>\n",
       "      <td>3</td>\n",
       "      <td>0</td>\n",
       "      <td>1.000000</td>\n",
       "      <td>John Paciorek</td>\n",
       "    </tr>\n",
       "    <tr>\n",
       "      <th>jansera01</th>\n",
       "      <td>5</td>\n",
       "      <td>4</td>\n",
       "      <td>0</td>\n",
       "      <td>0.800000</td>\n",
       "      <td>Ray Jansen</td>\n",
       "    </tr>\n",
       "    <tr>\n",
       "      <th>brittza01</th>\n",
       "      <td>8</td>\n",
       "      <td>5</td>\n",
       "      <td>1</td>\n",
       "      <td>0.625000</td>\n",
       "      <td>Zack Britton</td>\n",
       "    </tr>\n",
       "    <tr>\n",
       "      <th>silvelu01</th>\n",
       "      <td>11</td>\n",
       "      <td>6</td>\n",
       "      <td>0</td>\n",
       "      <td>0.545455</td>\n",
       "      <td>Luis Silverio</td>\n",
       "    </tr>\n",
       "    <tr>\n",
       "      <th>durhado01</th>\n",
       "      <td>14</td>\n",
       "      <td>7</td>\n",
       "      <td>2</td>\n",
       "      <td>0.500000</td>\n",
       "      <td>Don Durham</td>\n",
       "    </tr>\n",
       "    <tr>\n",
       "      <th>dappecl01</th>\n",
       "      <td>17</td>\n",
       "      <td>8</td>\n",
       "      <td>1</td>\n",
       "      <td>0.470588</td>\n",
       "      <td>Cliff Dapper</td>\n",
       "    </tr>\n",
       "    <tr>\n",
       "      <th>martido02</th>\n",
       "      <td>22</td>\n",
       "      <td>9</td>\n",
       "      <td>2</td>\n",
       "      <td>0.409091</td>\n",
       "      <td>Domingo Martinez</td>\n",
       "    </tr>\n",
       "    <tr>\n",
       "      <th>heathsl01</th>\n",
       "      <td>25</td>\n",
       "      <td>10</td>\n",
       "      <td>2</td>\n",
       "      <td>0.400000</td>\n",
       "      <td>Slade Heathcott</td>\n",
       "    </tr>\n",
       "    <tr>\n",
       "      <th>pattepa01</th>\n",
       "      <td>35</td>\n",
       "      <td>14</td>\n",
       "      <td>1</td>\n",
       "      <td>0.400000</td>\n",
       "      <td>Pat Patterson</td>\n",
       "    </tr>\n",
       "    <tr>\n",
       "      <th>willigl01</th>\n",
       "      <td>40</td>\n",
       "      <td>17</td>\n",
       "      <td>0</td>\n",
       "      <td>0.425000</td>\n",
       "      <td>Glenn Williams</td>\n",
       "    </tr>\n",
       "    <tr>\n",
       "      <th>rhombke01</th>\n",
       "      <td>47</td>\n",
       "      <td>18</td>\n",
       "      <td>1</td>\n",
       "      <td>0.382979</td>\n",
       "      <td>Kevin Rhomberg</td>\n",
       "    </tr>\n",
       "    <tr>\n",
       "      <th>goodahe01</th>\n",
       "      <td>45</td>\n",
       "      <td>19</td>\n",
       "      <td>0</td>\n",
       "      <td>0.422222</td>\n",
       "      <td>Herb Goodall</td>\n",
       "    </tr>\n",
       "    <tr>\n",
       "      <th>forstte01</th>\n",
       "      <td>78</td>\n",
       "      <td>31</td>\n",
       "      <td>0</td>\n",
       "      <td>0.397436</td>\n",
       "      <td>Terry Forster</td>\n",
       "    </tr>\n",
       "    <tr>\n",
       "      <th>hayeske01</th>\n",
       "      <td>85</td>\n",
       "      <td>32</td>\n",
       "      <td>5</td>\n",
       "      <td>0.376471</td>\n",
       "      <td>Ke'Bryan Hayes</td>\n",
       "    </tr>\n",
       "    <tr>\n",
       "      <th>willite01</th>\n",
       "      <td>7706</td>\n",
       "      <td>2654</td>\n",
       "      <td>521</td>\n",
       "      <td>0.344407</td>\n",
       "      <td>Ted Williams</td>\n",
       "    </tr>\n",
       "    <tr>\n",
       "      <th>ruthba01</th>\n",
       "      <td>8398</td>\n",
       "      <td>2873</td>\n",
       "      <td>714</td>\n",
       "      <td>0.342105</td>\n",
       "      <td>Babe Ruth</td>\n",
       "    </tr>\n",
       "    <tr>\n",
       "      <th>simmoal01</th>\n",
       "      <td>8759</td>\n",
       "      <td>2927</td>\n",
       "      <td>307</td>\n",
       "      <td>0.334171</td>\n",
       "      <td>Al Simmons</td>\n",
       "    </tr>\n",
       "    <tr>\n",
       "      <th>hornsro01</th>\n",
       "      <td>8173</td>\n",
       "      <td>2930</td>\n",
       "      <td>301</td>\n",
       "      <td>0.358497</td>\n",
       "      <td>Rogers Hornsby</td>\n",
       "    </tr>\n",
       "    <tr>\n",
       "      <th>bondsba01</th>\n",
       "      <td>9847</td>\n",
       "      <td>2935</td>\n",
       "      <td>762</td>\n",
       "      <td>0.298060</td>\n",
       "      <td>Barry Bonds</td>\n",
       "    </tr>\n",
       "    <tr>\n",
       "      <th>gwynnto01</th>\n",
       "      <td>9288</td>\n",
       "      <td>3141</td>\n",
       "      <td>135</td>\n",
       "      <td>0.338178</td>\n",
       "      <td>Tony Gwynn</td>\n",
       "    </tr>\n",
       "    <tr>\n",
       "      <th>musiast01</th>\n",
       "      <td>10972</td>\n",
       "      <td>3630</td>\n",
       "      <td>475</td>\n",
       "      <td>0.330842</td>\n",
       "      <td>Stan Musial</td>\n",
       "    </tr>\n",
       "    <tr>\n",
       "      <th>aaronha01</th>\n",
       "      <td>12364</td>\n",
       "      <td>3771</td>\n",
       "      <td>755</td>\n",
       "      <td>0.304998</td>\n",
       "      <td>Hank Aaron</td>\n",
       "    </tr>\n",
       "    <tr>\n",
       "      <th>cobbty01</th>\n",
       "      <td>11436</td>\n",
       "      <td>4189</td>\n",
       "      <td>117</td>\n",
       "      <td>0.366299</td>\n",
       "      <td>Ty Cobb</td>\n",
       "    </tr>\n",
       "    <tr>\n",
       "      <th>rosepe01</th>\n",
       "      <td>14053</td>\n",
       "      <td>4256</td>\n",
       "      <td>160</td>\n",
       "      <td>0.302853</td>\n",
       "      <td>Pete Rose</td>\n",
       "    </tr>\n",
       "  </tbody>\n",
       "</table>\n",
       "</div>"
      ],
      "text/plain": [
       "              ab     h   hr        ba              name\n",
       "player_id                                              \n",
       "paciojo01      3     3    0  1.000000     John Paciorek\n",
       "jansera01      5     4    0  0.800000        Ray Jansen\n",
       "brittza01      8     5    1  0.625000      Zack Britton\n",
       "silvelu01     11     6    0  0.545455     Luis Silverio\n",
       "durhado01     14     7    2  0.500000        Don Durham\n",
       "dappecl01     17     8    1  0.470588      Cliff Dapper\n",
       "martido02     22     9    2  0.409091  Domingo Martinez\n",
       "heathsl01     25    10    2  0.400000   Slade Heathcott\n",
       "pattepa01     35    14    1  0.400000     Pat Patterson\n",
       "willigl01     40    17    0  0.425000    Glenn Williams\n",
       "rhombke01     47    18    1  0.382979    Kevin Rhomberg\n",
       "goodahe01     45    19    0  0.422222      Herb Goodall\n",
       "forstte01     78    31    0  0.397436     Terry Forster\n",
       "hayeske01     85    32    5  0.376471    Ke'Bryan Hayes\n",
       "willite01   7706  2654  521  0.344407      Ted Williams\n",
       "ruthba01    8398  2873  714  0.342105         Babe Ruth\n",
       "simmoal01   8759  2927  307  0.334171        Al Simmons\n",
       "hornsro01   8173  2930  301  0.358497    Rogers Hornsby\n",
       "bondsba01   9847  2935  762  0.298060       Barry Bonds\n",
       "gwynnto01   9288  3141  135  0.338178        Tony Gwynn\n",
       "musiast01  10972  3630  475  0.330842       Stan Musial\n",
       "aaronha01  12364  3771  755  0.304998        Hank Aaron\n",
       "cobbty01   11436  4189  117  0.366299           Ty Cobb\n",
       "rosepe01   14053  4256  160  0.302853         Pete Rose"
      ]
     },
     "execution_count": 7,
     "metadata": {},
     "output_type": "execute_result"
    }
   ],
   "source": [
    "unmatchables['name'] = utils.get_player_names_df(unmatchables, idx_fld='player_id')\n",
    "unmatchables"
   ]
  },
  {
   "cell_type": "code",
   "execution_count": 8,
   "id": "curious-vulnerability",
   "metadata": {
    "ExecuteTime": {
     "end_time": "2021-05-08T23:13:14.141636Z",
     "start_time": "2021-05-08T23:13:14.137228Z"
    }
   },
   "outputs": [
    {
     "name": "stdout",
     "output_type": "stream",
     "text": [
      "                       name        ba   hr     h     ab\n",
      "player_id                                              \n",
      "paciojo01     John Paciorek  1.000000    0     3      3\n",
      "jansera01        Ray Jansen  0.800000    0     4      5\n",
      "brittza01      Zack Britton  0.625000    1     5      8\n",
      "silvelu01     Luis Silverio  0.545455    0     6     11\n",
      "durhado01        Don Durham  0.500000    2     7     14\n",
      "dappecl01      Cliff Dapper  0.470588    1     8     17\n",
      "martido02  Domingo Martinez  0.409091    2     9     22\n",
      "heathsl01   Slade Heathcott  0.400000    2    10     25\n",
      "pattepa01     Pat Patterson  0.400000    1    14     35\n",
      "willigl01    Glenn Williams  0.425000    0    17     40\n",
      "rhombke01    Kevin Rhomberg  0.382979    1    18     47\n",
      "goodahe01      Herb Goodall  0.422222    0    19     45\n",
      "forstte01     Terry Forster  0.397436    0    31     78\n",
      "hayeske01    Ke'Bryan Hayes  0.376471    5    32     85\n",
      "willite01      Ted Williams  0.344407  521  2654   7706\n",
      "ruthba01          Babe Ruth  0.342105  714  2873   8398\n",
      "simmoal01        Al Simmons  0.334171  307  2927   8759\n",
      "hornsro01    Rogers Hornsby  0.358497  301  2930   8173\n",
      "bondsba01       Barry Bonds  0.298060  762  2935   9847\n",
      "gwynnto01        Tony Gwynn  0.338178  135  3141   9288\n",
      "musiast01       Stan Musial  0.330842  475  3630  10972\n",
      "aaronha01        Hank Aaron  0.304998  755  3771  12364\n",
      "cobbty01            Ty Cobb  0.366299  117  4189  11436\n",
      "rosepe01          Pete Rose  0.302853  160  4256  14053\n"
     ]
    }
   ],
   "source": [
    "print(unmatchables[['name', 'ba', 'hr', 'h', 'ab']].to_string())"
   ]
  },
  {
   "cell_type": "code",
   "execution_count": 9,
   "id": "inappropriate-jamaica",
   "metadata": {
    "ExecuteTime": {
     "end_time": "2021-05-08T23:13:14.147688Z",
     "start_time": "2021-05-08T23:13:14.143575Z"
    }
   },
   "outputs": [],
   "source": [
    "def get_unmatchables_iterative(careers):\n",
    "    cats = ['h', 'hr', 'ba']\n",
    "\n",
    "    def run_one_iteration(unmatchables, df):\n",
    "        leader = df.iloc[0]\n",
    "\n",
    "        # Keep any player who beats our leader in at least one category\n",
    "        # Discard the rest\n",
    "        cat_matches = [df[cat]>leader[cat] for cat in cats]\n",
    "        beats_any = reduce((lambda x, y: x | y), cat_matches)\n",
    "        remain = df[beats_any]\n",
    "        return unmatchables.append(leader), remain\n",
    "    \n",
    "    df = careers.sort_values(by=cats, ascending=False)\n",
    "    unmatchables = pd.DataFrame()\n",
    "    while len(df) > 0:\n",
    "        unmatchables, df = run_one_iteration(unmatchables, df)\n",
    "    \n",
    "    # there might be some ties, so run the original definition again to filter out the real answers\n",
    "    careers_matching = unmatchables.apply(lambda row: len(find_matches(row, careers)), axis=1)\n",
    "    return unmatchables[careers_matching==1]"
   ]
  },
  {
   "cell_type": "code",
   "execution_count": 10,
   "id": "continental-referral",
   "metadata": {
    "ExecuteTime": {
     "end_time": "2021-05-08T23:13:14.226434Z",
     "start_time": "2021-05-08T23:13:14.148904Z"
    }
   },
   "outputs": [
    {
     "data": {
      "text/plain": [
       "(                ab        ba       h     hr\n",
       " rosepe01   14053.0  0.302853  4256.0  160.0\n",
       " cobbty01   11436.0  0.366299  4189.0  117.0\n",
       " aaronha01  12364.0  0.304998  3771.0  755.0\n",
       " musiast01  10972.0  0.330842  3630.0  475.0\n",
       " gwynnto01   9288.0  0.338178  3141.0  135.0\n",
       " bondsba01   9847.0  0.298060  2935.0  762.0\n",
       " hornsro01   8173.0  0.358497  2930.0  301.0\n",
       " simmoal01   8759.0  0.334171  2927.0  307.0\n",
       " ruthba01    8398.0  0.342105  2873.0  714.0\n",
       " willite01   7706.0  0.344407  2654.0  521.0\n",
       " hayeske01     85.0  0.376471    32.0    5.0\n",
       " forstte01     78.0  0.397436    31.0    0.0\n",
       " goodahe01     45.0  0.422222    19.0    0.0\n",
       " rhombke01     47.0  0.382979    18.0    1.0\n",
       " willigl01     40.0  0.425000    17.0    0.0\n",
       " pattepa01     35.0  0.400000    14.0    1.0\n",
       " heathsl01     25.0  0.400000    10.0    2.0\n",
       " martido02     22.0  0.409091     9.0    2.0\n",
       " dappecl01     17.0  0.470588     8.0    1.0\n",
       " durhado01     14.0  0.500000     7.0    2.0\n",
       " silvelu01     11.0  0.545455     6.0    0.0\n",
       " brittza01      8.0  0.625000     5.0    1.0\n",
       " jansera01      5.0  0.800000     4.0    0.0\n",
       " paciojo01      3.0  1.000000     3.0    0.0,\n",
       " 24)"
      ]
     },
     "execution_count": 10,
     "metadata": {},
     "output_type": "execute_result"
    }
   ],
   "source": [
    "unmatchables = get_unmatchables_iterative(careers)\n",
    "unmatchables, len(unmatchables)"
   ]
  },
  {
   "cell_type": "code",
   "execution_count": null,
   "id": "endangered-officer",
   "metadata": {},
   "outputs": [],
   "source": []
  }
 ],
 "metadata": {
  "kernelspec": {
   "display_name": "Python 3",
   "language": "python",
   "name": "python3"
  },
  "language_info": {
   "codemirror_mode": {
    "name": "ipython",
    "version": 3
   },
   "file_extension": ".py",
   "mimetype": "text/x-python",
   "name": "python",
   "nbconvert_exporter": "python",
   "pygments_lexer": "ipython3",
   "version": "3.8.8"
  }
 },
 "nbformat": 4,
 "nbformat_minor": 5
}
